$ANSIBLE_VAULT;1.1;AES256
65383166343730653161356365623233336330353933313137353463613363393161303036373231
6234333136623734393531306465663631333963653836390a343338313638623761666634333364
64393963363937306163643165666136303139393166393963313730643162373139316131333137
6237313064313735660a373136366438623237643335316639636335376666613862366433653463
63343330383862303765336462343430633739373730343334323566326133303662343937313639
64643838363633393737396531633638333231666231306161393535376530376334393338363065
30623732363234346363396662396537656534626232633431383533366236643633333037643931
66303136383534353639363363336665396133353532303763396165376232393166383761396432
31346462376537363363646633633164666663333539663238383238363238633566613663626664
35613735353336613630386539313163306134383663393063396664666364353532643330376236
62633736346132363135323365613566346138333664366261646137316632366636633131626535
34373237633039306633663165653831306365633633626463653439386438663639326162653236
62366139626161636163393438313830326639633739653865393036306133326463306534376639
63306265373039636333666339646564376132646465373236333831656537343236643964646432
39363634666432366665663065376561353837313632633338373533353039666533613038666663
30313764353536636438366134666233613839353864663765653738396163616162613036626565
62626630643961333231353439356463396338666661363536363436653533376266653839653931
37306432373533623235333232613936373733313536633632636533313762646539623761626562
30646266323335643462353232353533646137346162353739653564643437656263636361303834
38326333626439366231333133336366656232386636306431326435373636303164626135323030
63383061343730666561353638653931633464373461663561663864336462626665343130626233
30656361303538306335383963376135373138346132386263306562323836663865333038386635
35666161353130636238323865393936636530313830303231343565333432633236333566313366
36363232363664373465613036363930366663613230373066666333613665323934643339353566
39396566643665323031346366616533303130373132643838343366306132303232336465366166
65636531336661396438353162623536373561623862373334396261316637393232633665646631
32313962323832666539656465636362323331643837356166376439663562323464316331303737
38616165643566333739663131323162336362643134613033663965663634383830646262656437
62313533613861313634306665383339313665613332643865303438366632313363303633336131
37633437383834393761333361643234643330333831643862316262656233366139353337656163
61333961626465623039303533376461653065333965303334306538383963373932646239393064
36323831656137656538376562393230353831646562373931623838646133356632303466313230
34626535376332376464373766356239656165303338653338336364623837656464366463366436
36636662326431303235623663363033396636363765646464393130346332363361373435616433
66663666323862666263323333323632373362323964336665376564656332383264396630633564
63303834646464633733313037613839616539363236313139666638303363306566303963333236
35333763313661303565376239363430323535303230396632323030653766646162636236363462
31336166323532303135383337613066363538646164333035646633643331396536646637383765
35653662313465636434356232663363303564616234356162396564643237626133323535303033
31653530363531333932343336396164383461313565653434386335313731333932393531353537
39336564313065633135396364366636366632316564316164396564323166313734313233653366
38373031363038663031343534356231303266383339663137373664313633303833396261343234
30363265666232623933613332353330303234626461386138383062306634316438373163616163
35333761363937633230333761626365363236306561366264306339396632373032316634353263
34303832396130366236396237383837623731353237393531316237393935323163623765386431
63663230386361646638616433313031373630656530633338333637663730666438313836373334
37373634333439626565613465386363366630633733653339323333666631363037343632613165
36666632636638626236316435663434663966346439303735396538366566393837356438386436
64386466323165346430396562383635653632666364313964386364643137336231613035383763
30353237353066323731633439396436643265363763313665386363343535373566353033613563
38656131653236633063613234666634656338313035396533623831633435363463656362356334
36623438343637656132386531353836643537353637613934663330303236623633356138346333
62616162326235306163613737356332356233366464393430333636313566663961383437343038
64396533366636343063393035643733336664346265393930623231393334326636646465333663
65386135653334653936636264616439343934313130613466376563363230373937633232356461
63636137316530373666636433656437373931353437636266376539336232626565323337303164
62656664613165376637653630313038303962383564353539373965393364656462366563343539
33643563656435353031383761393865366662613430633765303031333931656539306366623838
32333631323038346464366335333062313563363831613339343463303731316331626637373062
63363939366165646433343234353937333934363635636231613335663136383934373563396236
64356638646432313431623838636330393530306366616161303937333366396365643330393939
31353334316139313836306232663931646533393435323637643238623230396661646530653534
35626337623964363464636262633765613335636662326538363963373361633863656239663437
36316461666330373736306331333061343139386262636639653564613238343264343836376461
33303038366162393562333331373363343132333430663664336265663362393538616138383764
61663334373938633065383761666234613534633363386135396236336364396436326536303234
36653135373063383563313061646231373237636339306135323736333964333263333566643065
65666333303066373235666532663134623966373735643930336130366331393436333939636630
64306338303232356431356332313334316261643937333832343765386563313064366339376566
61323565326338653164646362323031653133383765323638636162366263383138366430643563
33656630623630383138663132613839336130663061646530343032636238323661346361663261
66663062613336346130613738663139306263336532383635663836623565633335396163333835
30313763343966653739613331663938656663643833323438613261363662353861616636623864
37643761376339346336343830373864373031323161656465336538393266376162636330653233
37626137646465383639366665616132373130623662643061353266623161663964353463646638
33663831663330393666653235356531636430313237623864393237363836333031343361613032
61343064303265353332643365383139383437386531666162326666383730643563373061623839
61303034333233376264306339353966636565393939663830633436313530386636666132346539
38323437306436323634353632373033383561336633613566646235373263646238613866396239
31396264333133636665306364363438656165396130306464383637653634393033383337313130
37333331303636336131373631373263656336376336396137336430613532313262323832646237
66626330666530643639626363643539346134343136316434333337343063323834323230396138
34343830346138373331373664616239343236393338393639366363386435666238626562613264
65366464303238613030396365643865616231373965666263346631366537613931343136646439
35336532633234346263323361613632353061643562393338323335393337636361663436663261
31323338343033353932306664333861623935663564333431376233613562393563323438386232
62633665353035626234653131363462313935373630343538316430333865633562313630643564
33633738646535633439303862656664646462316339396132393965636234373637306232363333
31663537363031643538666263383430363138386230633031326134363932386461306432623265
35663163643334303362633237343163373039376363336630383335303466633335626334653432
62333465333434663363623963356334313863333238306530646362616332636664363936393066
36303766346639373866646462366136646631646132366366643039313435393364653966656132
39363236636133393230663365343064613664633332333262616533366332663536396263373664
65613738316162336363613433623231353639373861363932323765396234393030653236633335
64343635653938663131333838613234303565393035326130313336346432643230393865306439
32303630303039353563333232656139646361643566363133363336613366346263323237663461
35323739396162666262386565313661613134383737313863353463626262396166386163383666
39353732383439326131363666653866386136626261663964663366633235366266653036643762
62343539323634363463353139323063613764656665326339303137336530663639383133633963
34666661343063323334366664336434633335356565316233303964656336346265666435343838
61373532333864393963353064343732383264386665346662306265666336373537653734326133
30386665636238323337363231383963666566373763363161623563343366313164343164343734
32633864353635383538333565396666336236393862376234646235616166643731343534323265
64633834616132393236313732356463653535303132306531306138336265633436383938636338
31343935323934326236356436333238323231323239333966623262616336633565383039386630
65623030306231353630643263333831326434323230323732653637386333346662336639646538
32643265633337363963336331613830373534393430616336633735616536613330353438333532
32313438616130386537316330353361303738326532613965346162383933373136373061353430
31303032393831613834653664333966353765356638633565653065333961656565363532633863
65343963333532643631316535663564356464343665323264613733663566386234373763313632
30623433626637633931653030623835303834613631646530373330393931373539643462343336
39626330656565366464666166346662343332633939643535613532343335343765646239373237
35383464373663336365643531323362383738393562636336613738633235613734633933353732
33386331623435346335613430626434336666666162333535376566386164663661636630646666
37363061396237623834663238333762663364346632656630383364356562353136306235663564
36343061303435666636316561303635373431616333383431356462383733643430663934663839
36656361396133343136313133346261336131356437323634353062343832623334626162616334
33343561366561353961333335303239613435383937343930313235653838336566333835616435
39613336616661616264646131396336643530353166376134646234653464346565323866363233
38343934626434336133323937653334396334643938303338383939623261356663353936373135
63626435376436653566373865363166343335643432383861316133356265306262623261323066
62623930303365626332643962646430353936366639376139666438623164373030366233386261
37306665353439366630336532653834336337616236663838666461383737333138386464363064
61343963336462373432336334656535663365613831613639383636303134636234626534343064
63346432336666383430316136393437386536386165623830353565396634376533333136373432
66623231366661313737306630623632333339653462336631333766393731636662303862663266
63336630616537613737326365386166643636646637663532333135316462633430343661336134
65613937353739363662343066653034386163613230386131343462616130393338393230303864
38373662616464333830313931313666303263326436373165643632613531323130356166623738
62336437356165303132663131376337386538326433613065303734366439646436323164656535
62323032316661613938393630333036306134366666366461316435383535323532313065653635
66613364383732346364313031376438636331343737366661373435396630663737663364366134
65373864383931376633373835363963643066336139376237616362306635383636643565356561
37393033396433663631353561303566666536356639643364666463613931343766303133313766
31373663363337623761633930623533666238663635373733343533386339656133323139616430
62376363306538376661363935316562373130303733353731623234333961303435386339653039
3936
